$ANSIBLE_VAULT;1.1;AES256
30356462383366336131336635373665376139383665306335626333306463363766643336626536
3463623965323262663038663239626339383630613332390a353930376131653365663236653533
38623966636666323365343262613232626461636561396133373333386530643265616336303065
6261626235356230390a383633656463303161396339313366343339343532303830663935353232
65383464613364383839643137343265663165383665623762326238323732636136373166623965
65333763336132666339356236633032613136383730323166306434323032383036343233313738
62336432656138353865383238353162353165363130666230623864393166353262396463643630
64383139613332396436396232643430663435336162326264373164333337316430666232636662
31333333626332396430643061343363366462373536613036353437346135353531363139333464
38366233633839373666323730306162373166313038313638656135633464336565333763653130
64636561633365363737616531396430656431346432366432613562656663373363353331363365
62373864336139656234663030626239626430353262326135386663336437353563616437613834
31313634373465383762633362653534663463396665626438643463306135303535666166306662
62316137323532353138306332313537653633306564666138613930333932383239323931346265
61313033323038633138383263316331636535343435376332323234373564623739656566653438
30616337346461656265616331333666346663313065316539313062613037626338636238623135
31386139323235316232323537376265303130383363633736646530366133376465623032663134
3637353237366337323566666361616134393032613463653633
